Linux version

Using ReadLine,Boost,HDF5,GSL
mothur v.1.48.0
Last updated: 5/20/22
by
Patrick D. Schloss

Department of Microbiology & Immunology

University of Michigan
http://www.mothur.org

When using, please cite:
Schloss, P.D., et al., Introducing mothur: Open-source, platform-independent, community-supported software for describing and comparing microbial communities. Appl Environ Microbiol, 2009. 75(23):7537-41.

Distributed under the GNU General Public License

Type 'help()' for information on the commands that are available

For questions and analysis support, please visit our forum at https://forum.mothur.org

Type 'quit()' to exit program

[NOTE]: Setting random seed to 19760620.

Batch Mode



mothur > screen.seqs(fasta=RTLC.trim.contigs.good.unique.align, count=RTLC.trim.contigs.good.count_table, summary=RTLC.trim.contigs.good.unique.summary, start=1969, end=11551, maxhomop=8)

Using 24 processors.
1000
1000
1000
1000
1000
1000
1000
1000
1000
1000
1000
2000
2000
2000
1000
1000
1000
2000
1000
1000
1000
1000
2000
2000
2000
2000
2000
2000
1000
2000
1000
1000
3000
3000
1000
3000
2000
2000
1000
2000
1000
3000
2000
2000
2000
2000
3000
3000
3000
3000
3000
3000
2000
2000
2000
3000
4000
4000
4000
2000
3000
3000
2000
3000
3000
4000
2000
3000
3000
3000
4000
4000
4000
4000
4000
4000
3000
3000
3000
4000
5000
5000
5000
3000
4000
4000
3000
4000
4000
5000
3000
4000
4000
5000
4000
5000
5000
5000
5000
5000
4000
4000
5000
4000
6000
6000
4000
6000
5000
5000
4000
5000
6000
5000
4000
5000
5000
5000
6000
6000
6000
6000
6000
5000
6000
5000
5000
6000
7000
7000
5000
7000
6000
6000
5000
6000
6000
7000
5000
6000
6000
7000
7000
6000
7000
7000
7000
7000
6000
6000
6000
7000
8000
8000
8000
6000
7000
7000
6000
7000
7000
8000
7000
6000
7000
8000
8000
7000
8000
8000
8000
7000
8000
7000
7000
8000
9000
9000
9000
7000
8000
8000
7000
8000
8000
9000
8000
7000
8000
9000
8000
9000
9000
9000
9000
8000
9000
8000
8000
9000
10000
10000
8000
10000
9000
9000
8000
9000
10000
9000
9000
8000
9000
10000
9000
10000
10000
10000
9000
10000
10000
9000
9000
10000
11000
11000
9000
11000
10000
10000
9000
10000
11000
10000
10000
10000
9000
11000
10000
11000
11000
11000
10000
11000
11000
10000
10000
11000
12000
10000
12000
12000
11000
11000
10000
11000
11000
12000
11000
11000
10000
11000
12000
12000
12000
12000
12000
11000
12000
11000
11000
12000
13000
13000
11000
13000
12000
12000
11000
12000
13000
12000
12000
12000
13000
13000
12000
11000
13000
13000
13000
12000
13000
12000
12000
13000
14000
14000
12000
14000
13000
13000
12000
13000
13000
14000
13000
13000
14000
14000
13000
12000
14000
14000
14000
14000
13000
13000
14000
13000
15000
15000
13000
15000
14000
14000
13000
14000
15000
14000
14000
14000
15000
15000
14000
15000
13000
15000
15000
14000
15000
14000
14000
15000
16000
16000
14000
16000
15000
15000
14000
15000
15000
16000
15000
15000
16000
16000
15000
16000
16000
14000
16000
15000
16000
15000
15000
16000
17000
17000
15000
17000
16000
16000
15000
16000
16000
17000
16000
16000
17000
17000
16000
17000
17000
15000
17000
17000
16000
16000
16000
17000
18000
18000
16000
18000
17000
17000
16000
17000
17000
18000
17000
17000
18000
18000
17000
18000
18000
18000
18000
17000
16000
17000
17000
18000
19000
19000
17000
19000
18000
18000
17000
18000
18000
19000
18000
18000
19000
19000
18000
19000
19000
19000
18000
19000
17000
18000
18000
19000
20000
20000
18000
20000
19000
19000
18000
19000
19000
20000
19000
19000
20000
20000
19000
20000
20000
20000
19000
20000
18000
19000
19000
20000
21000
21000
21000
19000
20000
20000
19000
20000
21000
20000
20000
20000
21000
21000
20000
21000
21000
21000
20000
21000
19000
21000
20000
20000
22000
22000
20000
22000
21000
21000
20000
21000
21000
22000
21000
21000
22000
22000
21000
22000
22000
21000
22000
22000
20000
21000
21000
22000
23000
23000
21000
23000
22000
22000
21000
22000
22000
23000
22000
22000
23000
23000
22000
23000
23000
22000
23000
23000
21000
22000
23000
22000
24000
24000
22000
24000
23000
23000
22000
23000
23000
24000
23000
23000
24000
24000
24000
23000
24000
24000
24000
23000
24000
23000
23000
22000
25000
25000
23000
25000
24000
24000
23000
24000
24000
25000
24000
24000
25000
25000
25000
25000
24000
25000
24000
25000
24000
25000
24000
23000
26000
26000
24000
26000
25000
25000
24000
25000
25000
26000
25000
25000
26000
26000
25000
26000
26000
25000
26000
26000
25000
26000
25000
27000
24000
27000
25000
27000
26000
26000
25000
26000
26000
27000
26000
26000
27000
27000
26000
27000
27000
26000
27000
27000
27000
26000
26000
28000
28000
25000
26000
28000
27000
27000
26000
27000
27000
28000
27000
27000
28000
28000
27000
28000
28000
28000
27000
28000
28000
27000
27000
29000
29000
26000
29000
27000
28000
28000
27000
28000
28000
29000
28000
28000
29000
29000
28000
29000
29000
28000
29000
29000
29000
28000
28000
30000
30000
27000
30000
28000
29000
29000
28000
29000
29000
30000
29000
29000
30000
30000
29000
30000
30000
30000
30000
29000
30000
29000
29000
31000
31000
31000
28000
29000
30000
30000
29000
30000
30000
31000
30000
30000
31000
31000
30000
31000
31000
31000
31000
30000
31000
30000
30000
32000
32000
32000
30000
29000
31000
31000
30000
31000
32000
31000
31000
31000
32000
32000
31000
32000
32000
32000
32000
31000
31000
32000
31000
33000
33000
33000
31000
32000
32000
30000
31000
32000
32000
33000
32000
32000
33000
33000
33000
32000
33000
33000
33000
32000
33000
32000
32000
34000
34000
34000
32000
33000
33000
31000
32000
33000
33000
34000
33000
33000
34000
34000
33000
34000
34000
34000
34000
33000
34000
33000
33000
35000
35000
35000
33000
34000
34000
34000
32000
33000
34000
35000
34000
34000
35000
35000
34000
35000
35000
34000
35000
35000
35000
34000
34000
36000
36000
36000
34000
35000
35000
34000
33000
35000
36000
35000
35000
35000
36000
36000
35000
36000
36000
35000
36000
36000
36000
35000
35000
37000
37000
37000
35000
36000
36000
36000
35000
34000
36000
37000
36000
36000
37000
37000
37000
36000
37000
37000
37000
36000
37000
36000
36000
38000
38000
38000
36000
37000
37000
37000
35000
36000
37000
38000
37000
37000
38000
38000
37000
38000
38000
38000
38000
37000
38000
37000
37000
39000
39000
39000
37000
38000
38000
38000
37000
36000
39000
38000
38000
38000
39000
39000
38000
39000
39000
39000
39000
38000
38000
38000
39000
40000
40000
40000
38000
39000
39000
39000
38000
40000
37000
39000
39000
39000
40000
40000
39000
40000
40000
40000
40000
39000
40000
39000
39000
41000
41000
41000
39000
40000
40000
40000
39000
38000
41000
40000
40000
40000
41000
41000
41000
40000
41000
41000
41000
40000
40000
41000
40000
42000
42000
42000
40000
41000
41000
41000
40000
39000
42000
41000
41000
41000
42000
42000
41000
42000
42000
42000
42000
41000
42000
41000
41000
43000
43000
43000
41000
42000
42000
42000
41000
43000
42000
40000
42000
42000
43000
43000
42000
43000
43000
43000
43000
42000
43000
42000
42000
44000
44000
44000
42000
43000
43000
43000
42000
44000
43000
41000
43000
43000
44000
44000
44000
43000
44000
44000
44000
43000
44000
43000
43000
45000
45000
45000
43000
44000
44000
44000
43000
45000
44000
44000
42000
44000
45000
45000
44000
45000
45000
45000
44000
45000
45000
44000
44000
46000
46000
46000
44000
45000
45000
45000
44000
46000
45000
45000
43000
45000
46000
46000
45000
46000
46000
46000
45000
46000
46000
45000
45000
47000
47000
47000
45000
46000
46000
46000
45000
47000
46000
46000
44000
46000
47000
47000
46000
47000
47000
47000
47000
46000
47000
46000
46000
48000
46000
48000
48000
47000
47000
47000
46000
48000
47000
47000
45000
47000
48000
48000
47000
48000
48000
48000
48000
47000
48000
47000
47000
49000
47000
49000
49000
48000
48000
48000
47000
49000
48000
48000
46000
48000
49000
48000
49000
49000
49000
49000
49000
48000
49000
48000
48000
50000
48000
50000
50000
49000
49000
49000
48000
50000
49000
49000
49000
47000
50000
50000
49000
50000
50000
50000
50000
49000
50000
49000
49000
51000
49000
51000
51000
50000
50000
50000
49000
51000
50000
50000
50000
48000
51000
50000
51000
51000
51000
51000
51000
50000
51000
50000
50000
52000
50000
52000
52000
51000
51000
51000
50000
52000
51000
51000
51000
49000
52000
52000
51000
52000
52000
52000
52000
51000
52000
51000
51000
53000
51000
53000
53000
52000
52000
52000
51000
53000
52000
52000
52000
50000
53000
53000
52000
53000
53000
53000
53000
52000
53000
52000
52000
54000
52000
54000
54000
53000
53000
53000
52000
54000
53000
53000
53000
51000
54000
54000
53000
54000
54000
54000
54000
53000
54000
53000
53000
55000
53000
55000
55000
54000
54000
54000
53000
55000
54000
54000
54000
52000
55000
55000
54000
55000
55000
55000
55000
54000
55000
54000
54000
56000
54000
56000
56000
55000
55000
55000
54000
56000
55000
55000
55000
53000
56000
56000
56000
55000
56000
56000
56000
55000
56000
55000
55000
57000
55000
57000
57000
56000
56000
56000
55000
57000
56000
56000
56000
57000
54000
57000
56000
57000
57000
57000
57000
56000
57000
56000
56000
58000
58000
56000
58000
57000
57000
57000
56000
58000
57000
57000
57000
58000
58000
55000
57000
58000
58000
58000
58000
57000
58000
57000
57000
59000
57000
59000
59000
58000
58000
58000
57000
59000
58000
58000
58000
59000
59000
58000
56000
59000
59000
59000
59000
58000
59000
58000
58000
60000
58000
60000
60000
59000
59000
59000
58000
60000
59000
59000
59000
60000
60000
59000
60000
57000
60000
60000
60000
59000
60000
59000
59000
61000
61000
59000
61000
60000
60000
60000
59000
61000
60000
60000
60000
61000
61000
60000
61000
58000
61000
61000
61000
60000
61000
60000
60000
62000
62000
60000
62000
61000
61000
61000
60000
62000
61000
61000
61000
62000
62000
61000
62000
59000
62000
62000
62000
61000
62000
61000
61000
63000
63000
63000
62000
61000
62000
62000
61000
63000
62000
62000
62000
63000
63000
62000
63000
63000
63000
60000
63000
62000
63000
62000
62000
64000
64000
64000
62000
63000
63000
63000
62000
64000
63000
63000
63000
64000
64000
63000
64000
64000
64000
64000
61000
63000
64000
63000
63000
65000
65000
65000
63000
64000
64000
64000
63000
65000
64000
64000
64000
65000
65000
65000
64000
65000
65000
65000
62000
64000
65000
64000
64000
66000
66000
66000
64000
65000
65000
65000
64000
66000
65000
65000
65000
66000
66000
66000
65000
66000
66000
66000
65000
63000
66000
65000
65000
67000
67000
67000
66000
65000
66000
66000
65000
67000
66000
66000
66000
67000
67000
66000
67000
67000
67000
67000
66000
64000
67000
66000
66000
68000
68000
68000
67000
66000
67000
67000
66000
67000
68000
67000
67000
68000
68000
67000
68000
68000
68000
68000
67000
65000
68000
67000
67000
69000
68000
69000
69000
67000
68000
68000
67000
68000
69000
68000
68000
69000
69000
68000
69000
69000
69000
69000
68000
66000
69000
68000
68000
70000
70000
69000
70000
68000
69000
69000
68000
70000
69000
69000
69000
70000
70000
70000
69000
70000
70000
70000
69000
70000
67000
69000
69000
71000
70000
71000
71000
69000
70000
70000
69000
71000
70000
70000
70000
71000
71000
70000
71000
71000
71000
71000
70000
71000
70000
70000
68000
72000
72000
71000
72000
70000
71000
71000
70000
71000
72000
71000
71000
72000
72000
71000
72000
72000
72000
72000
71000
72000
71000
71000
69000
73000
73000
72000
73000
71000
72000
72000
71000
73000
72000
72000
72000
73000
73000
72000
73000
73000
73000
73000
72000
73000
72000
72000
74000
70000
74000
73000
74000
72000
73000
73000
72000
74000
73000
73000
73000
74000
74000
73000
74000
74000
74000
74000
73000
74000
73000
73000
75000
71000
74000
75000
75000
73000
74000
74000
73000
74000
75000
74000
74000
75000
75000
74000
75000
75000
75000
75000
74000
75000
74000
76000
74000
72000
75000
76000
76000
74000
75000
75000
76000
75000
74000
76296
75000
76296
76296
75000
76000
76297
75000
76000
76000
76000
76000
76000
75000
76296
76000
76296
76296
75000
75000
76000
73000
76297
76296
76296
75000
76000
76000
76296
75000
76000
76000
76296
76296
76000
76297
76296
76296
76000
76296
76000
76296
76000
76000
74000
76000
76297
76296
76000
76296
76296
76296
75000
76000
76297

It took 447 secs to screen 1831109 sequences, removed 24078.

/******************************************/
Running command: remove.seqs(accnos=RTLC.trim.contigs.good.unique.bad.accnos.temp, count=RTLC.trim.contigs.good.count_table)
Removed 36740 sequences from RTLC.trim.contigs.good.count_table.

Output File Names:
RTLC.trim.contigs.good.pick.count_table

/******************************************/

Output File Names:
RTLC.trim.contigs.good.unique.good.summary
RTLC.trim.contigs.good.unique.good.align
RTLC.trim.contigs.good.unique.bad.accnos
RTLC.trim.contigs.good.good.count_table


It took 491 secs to screen 1831109 sequences.

mothur > summary.seqs(fasta=current, count=current)
Using RTLC.trim.contigs.good.good.count_table as input file for the count parameter.
Using RTLC.trim.contigs.good.unique.good.align as input file for the fasta parameter.

Using 24 processors.

		Start	End	NBases	Ambigs	Polymer	NumSeqs
Minimum:	2	11551	248	0	3	1
2.5%-tile:	1969	11551	253	0	3	189279
25%-tile:	1969	11551	253	0	4	1892782
Median: 	1969	11551	253	0	5	3785563
75%-tile:	1969	11551	253	0	5	5678344
97.5%-tile:	1969	11551	254	0	8	7381847
Maximum:	1969	13426	274	0	8	7571125
Mean:	1968	11551	253	0	4
# of unique seqs:	1807031
total # of seqs:	7571125

It took 472 secs to summarize 7571125 sequences.

Output File Names:
RTLC.trim.contigs.good.unique.good.summary


mothur > quit()


It took 965 seconds to run 3 commands from /N/u/emamuell/Carbonate/GitHub/residence-time-test/mothur/RTLC.batch batch file.

Logfile : mothur.1669835095.logfile

