Linux version

Using ReadLine,Boost,HDF5,GSL
mothur v.1.48.1
Last updated: 5/15/24
by
Patrick D. Schloss

Department of Microbiology & Immunology

University of Michigan
http://www.mothur.org

When using, please cite:
Schloss, P.D., et al., Introducing mothur: Open-source, platform-independent, community-supported software for describing and comparing microbial communities. Appl Environ Microbiol, 2009. 75(23):7537-41.

Distributed under the GNU General Public License

Type 'help()' for information on the commands that are available

For questions and analysis support, please visit our forum at https://forum.mothur.org

Type 'quit()' to exit program

[NOTE]: Setting random seed to 19760620.

Batch Mode



mothur > dist.seqs(fasta = RTLC.final.fasta, output = lt)

Using 128 processors.

Sequence	Time	Num_Dists_Below_Cutoff
0	0	0
100	3	5050
200	11	20100
300	25	45150
400	44	80200
500	71	125250
600	102	180300
700	139	245350
800	182	320400
900	232	405450
104100	243	416394
1000	286	500500
1100	346	605550
136300	397	681490
1200	414	720600
1300	487	845650
427400	500	854799
78700	504	865645
1400	567	980700
130500	610	1043972
1500	650	1125750
389500	685	1168497
208200	727	1249185
1600	740	1280800
432800	760	1298397
443400	783	1330197
1700	836	1445850
188700	880	1509572
307300	892	1536490
1800	937	1620900
111300	1038	1780680
1900	1043	1805950
2000	1156	2001000
88000	1173	2023747
2100	1274	2206050
39400	1281	2204860
2200	1398	2421100
272600	1425	2453364
96400	1453	2506075
312300	1457	2498372
291800	1523	2626164
2300	1528	2646150
152400	1594	2743047
2400	1665	2881200
2500	1807	3126250
157400	1824	3147810
55700	1911	3284589
2600	1954	3381300
439900	2048	3519172
68200	2099	3613222
2700	2107	3646350
261000	2121	3653909
369100	2146	3690955
420100	2203	3780864
255000	2221	3824895
2800	2267	3921400
416400	2422	4163955
2900	2432	4206450
383500	2456	4218445
211900	2582	4449690
3000	2603	4501500
407000	2604	4476945
347500	2627	4517422
367000	2768	4770922
3100	2781	4806550
329200	2874	4937895
3200	2960	5121600
408900	3094	5315622
356300	3103	5344395
3300	3148	5446650
281000	3253	5619810
377400	3280	5660895
141900	3283	5675220
3400	3341	5781700
3500	3539	6126750
39500	3559	6149910
3600	3744	6481800
3700	3956	6846850
222600	3993	6900135
405100	4001	6886564
371200	4087	7052629
236100	4104	7082565
3800	4171	7221900
425600	4205	7235064
232800	4315	7449104
3900	4392	7606950
176000	4477	7743054
118100	4509	7792455
219100	4558	7886970
4000	4621	8002000
391500	4774	8221290
434600	4784	8257229
4100	4853	8407050
78800	5049	8740695
4200	5093	8822100
55800	5122	8859639
4300	5338	9247150
192800	5555	9638775
4400	5588	9682200
124500	5819	10081260
39600	5831	10104960
4500	5845	10127250
364900	5923	10216822
410800	5951	10269700
184600	5965	10336060
304800	5996	10362639
68300	6021	10438272
4600	6110	10582300
88100	6246	10828797
104200	6255	10831444
4700	6381	11047350
4800	6662	11522400
204500	6744	11654904
336200	6836	11766405
4900	6948	12007450
96500	7024	12151125
314800	7116	12276459
167000	7146	12355299
162300	7227	12494174
5000	7237	12502500
147300	7249	12516930
111400	7471	12915730
403200	7503	12901904
5100	7527	13007550
266900	7579	13076924
381500	7738	13351905
5200	7818	13522600
397400	7832	13511039
338500	8046	13877680
5300	8117	14047650
39700	8117	14070010
130600	8147	14099022
136400	8265	14316540
55900	8347	14444689
5400	8417	14582700
373300	8424	14557959
196800	8516	14757225
242600	8547	14796770
248900	8622	14932230
5500	8727	15127750
297100	8746	15150825
322100	8762	15137619
333900	8885	15358365
5600	9042	15682800
200700	9142	15852219
5700	9363	16247850
345300	9557	16573272
78900	9562	16625745
5800	9689	16822900
324500	9729	16872674
171600	9765	16983549
423800	9800	16951220
299700	9850	17081304
264000	9870	17157920
68400	9927	17273322
269800	9937	17265184
252000	10000	17385654
5900	10021	17407950
358500	10159	17565324
239400	10201	17712899
180400	10276	17854749
152500	10333	17988097
436400	10354	17891580
39800	10357	18045060
6000	10360	18003000
226100	10406	18084840
286500	10559	18333984
229500	10680	18586260
6100	10698	18608050
412700	10725	18570510
157500	10839	18892860
319700	10853	18860589
6200	11043	19223100
393500	11111	19280324
118200	11242	19607505
88200	11246	19643847
142000	11376	19870270
6300	11390	19848150
294500	11481	20023722
56000	11501	20039739
188800	11685	20384622
362800	11687	20315260
6400	11746	20483200
340800	11948	20786970
6500	12108	21128250
104300	12171	21256494
215600	12219	21339549
289200	12258	21398099
96600	12461	21806175
6600	12471	21783300
39900	12581	22030110
208300	12623	22074235
245800	12654	22117995
283800	12826	22417119
6700	12846	22448350
124600	12885	22536310
401300	13130	22872504
418300	13211	23005015
441700	13218	22967074
6800	13225	23123400
275500	13390	23413930
6900	13607	23808450
331600	13674	23872644
111500	13727	24060780
68500	13759	24118372
79000	13949	24520795
7000	14001	24503500
278300	14015	24486572
326900	14042	24514725
258100	14296	25031044
7100	14399	25208550
176100	14465	25348104
212000	14631	25644740
56100	14648	25644789
302300	14709	25691930
7200	14803	25923600
40000	14821	26025160
379500	14996	26183154
7300	15208	26648650
375400	15284	26650915
130700	15488	27164072
147400	15526	27251980
7400	15621	27383700
136500	15936	27961590
7500	16037	28128750
88300	16181	28468897
317300	16340	28552995
162400	16356	28729224
184700	16415	28801110
7600	16461	28883800
192900	16478	28923825
167100	16546	29060349
222700	16612	29165185
255100	16712	29329945
7700	16889	29648850
422000	16928	29537585
272700	16939	29718414
261100	16960	29758959
219200	16979	29802020
309900	16998	29745840
40100	17062	30030210
414600	17317	30263172
7800	17324	30423900
236200	17479	30697615
352000	17487	30620259
232900	17525	30734154
68600	17609	30973422
7900	17764	31208950
56200	17798	31259839
438200	17827	31109715
118300	17875	31432555
96700	17884	31471225
104400	18019	31691544
291900	18121	31811214
8000	18206	32004000
204600	18258	32109954
79100	18382	32425845
307400	18417	32271540
349800	18563	32527122
8100	18655	32809050
152600	18874	33243147
343100	18965	33276044
354200	18992	33290429
8200	19111	33624100
281100	19198	33724860
312400	19223	33733422
40200	19304	34045260
142100	19323	34075320
171700	19397	34148599
395500	19430	34009345
8300	19572	34449150
196900	19573	34442275
157600	19681	34647910
360700	19748	34622640
124700	19875	35001360
111600	19965	35215830
8400	20040	35284200
180500	20401	35899799
200800	20411	35927269
8500	20512	36129250
399400	20742	36341305
56300	20956	36884889
8600	20995	36984300
387600	21000	36817535
88400	21124	37303947
68700	21452	37838472
8700	21481	37849350
329300	21552	37862945
40300	21560	38070310
385600	21563	37784047
8800	21968	38724400
242700	22169	39061820
188900	22298	39269672
347600	22309	39272472
8900	22461	39609450
267000	22582	39771974
249000	22599	39827280
130800	22825	40239122
79200	22831	40340895
389600	22907	40123547
9000	22975	40504500
226200	23091	40699890
369200	23139	40606005
304900	23232	40847689
429300	23289	40779035
96800	23317	41146275
356400	23332	40979445
9100	23490	41409550
229600	23573	41541310
136600	23612	41616640
431100	23617	41381040
367100	23631	41475972
239500	23659	41657949
147500	23809	41997030
40400	23844	42105360
104500	23898	42136594
9200	24011	42324600
56400	24148	42519939
252100	24159	42590704
383600	24262	42573495
215700	24354	42904599
208400	24355	42909285
176200	24375	42963154
118400	24534	43267605
9300	24539	43249650
264100	24731	43562970
377500	24742	43405945
427500	24877	43599849
314900	24906	43761509
9400	25070	44184700
269900	25114	44250234
371300	25184	44177679
68800	25345	44713522
432900	25474	44583447
162500	25507	44974274
297200	25525	44865875
9500	25601	45129750
407100	25758	45181995
336300	25872	45391455
167200	25962	45775399
416500	26116	45809005
443500	26119	45675247
88500	26124	46148997
40500	26134	46150410
9600	26136	46084800
420200	26147	45795914
111700	26270	46380880
409000	26377	46210672
245900	26514	46703045
212100	26574	46849790
365000	26619	46711872
9700	26678	47049850
286600	26715	46989034
299800	26746	47056354
184800	26824	47276160
124800	26923	47476410
322200	26974	47352669
391600	27019	47376340
405200	27026	47401614
440000	27153	47514222
338600	27166	47732730
9800	27223	48024900
79300	27312	48265945
142200	27330	48290370
56500	27341	48164989
193000	27358	48218875
152700	27485	48508197
334000	27743	48753415
9900	27777	49009950
324600	28019	49327724
294600	28056	49478772
10000	28336	50005000
425700	28406	49800114
40600	28409	50205460
289300	28555	50323149
157700	28560	50412960
96900	28775	50831325
258200	28815	50846094
283900	28834	50802169
319800	28889	50835639
10100	28898	51010050
275600	28902	50968980
345400	29045	51108322
171800	29080	51323649
222800	29158	51440235
68900	29204	51598572
410900	29280	51354750
219300	29326	51727070
381600	29332	51506955
10200	29467	52025100
434700	29479	51722279
373400	29549	51893009
278400	29718	52321622
104600	29779	52591644
204700	29803	52575004
10300	30041	53050150
130900	30203	53324172
397500	30328	53256089
403300	30354	53226954
358600	30442	53420374
56600	30525	53820039
180600	30583	53954849
10400	30620	54085200
233000	30645	54029204
197000	30676	54137325
40700	30685	54270510
236300	30779	54322665
255200	31059	54844995
88600	31086	55004047
340900	31171	54872020
118500	31186	55112655
10500	31202	55130250
136700	31291	55281690
261200	31643	55874009
200900	31737	56012319
302400	31756	55926980
79400	31757	56200995
10600	31791	56185300
147600	32093	56752080
362900	32187	56600310
272800	32279	56993464
10700	32382	57250350
331700	32387	57037694
327000	32480	57209775
111800	32524	57555930
189000	32940	58164722
40800	32957	58345560
10800	32985	58325400
69000	33059	58493622
393600	33336	58635374
10900	33594	59410450
56700	33732	59485089
423900	33795	59336270
124900	33915	59961460
412800	34077	59845560
97000	34193	60526375
11000	34208	60505500
317400	34247	60288045
176300	34267	60588204
310000	34455	60740890
292000	34560	61006264
162600	34609	61229324
11100	34826	61610550
281200	35036	61839910
436500	35035	61536630
40900	35243	62430610
142300	35291	62515420
167300	35335	62500449
11200	35450	62725600
104700	35633	63056694
307500	35752	63016590
226300	35807	63324940
401400	35807	63007554
242800	35869	63336870
152800	36028	63783247
88700	36045	63869097
208500	36050	63754335
11300	36079	63850650
79500	36202	64146045
379600	36420	64138204
215800	36443	64479649
229700	36473	64506360
375500	36486	64195965
249100	36593	64732330
11400	36714	64985700
418400	36837	64840065
312500	36837	64978472
56800	36912	65160139
69100	36919	65398672
239600	37110	65612999
184900	37243	65761210
352100	37324	65825309
11500	37354	66130750
157800	37376	66188010
131000	37519	66419222
41000	37531	66525660
267100	37598	66477024
118600	37819	66967705
11600	38001	67285800
193100	38166	67523925
441800	38211	67142124
349900	38267	67512172
343200	38308	67591094
252200	38345	67805754
212200	38452	68064840
11700	38653	68450850
171900	38697	68508699
111900	38781	68740980
136800	38933	68956740
354300	38959	68715479
11800	39311	69625900
264200	39543	69978020
97100	39624	70231425
41100	39825	70630710
11900	39974	70810950
329400	40086	70797995
56900	40097	70845189
360800	40100	70697690
246000	40279	71298095
270000	40285	71245284
147700	40348	71517130
305000	40401	71342739
12000	40642	72006000
79600	40650	72101095
180700	40690	72019899
414700	40733	71728222
422100	40780	71742635
69200	40787	72313722
125000	40910	72456510
88800	41006	72744147
204800	41260	73050054
12100	41318	73211050
104800	41492	73531744
219400	41595	73662120
222900	41624	73725285
197100	41697	73842375
395600	41720	73564395
347700	41890	74037522
12200	41998	74426100
41200	42126	74745760
297300	42185	74590925
315000	42584	75256559
438300	42588	74934765
12300	42682	75651150
286700	42788	75654084
387700	42871	75582585
201000	42980	76107369
142400	43255	76750470
258300	43263	76671144
57000	43289	76540239
399500	43296	76286355
385700	43339	76349097
12400	43374	76886200
356500	43407	76624495
189100	43514	77069772
299900	43568	77041404
233100	43676	77334254
162700	43699	77494374
369300	43942	77531055
236400	44013	77957715
12500	44073	78131250
176400	44146	78223254
367200	44325	78191022
275700	44349	78534030
41300	44462	78870810
118700	44483	78832755
294700	44588	78943822
152900	44615	79068297
69300	44703	79238772
167400	44731	79235499
284000	44764	79197219
289400	44813	79258199
12600	44814	79386300
336400	44825	79026505
131100	44902	79524272
389700	44929	79088597
112000	45103	79936030
97200	45119	79946475
322300	45163	79577719
79700	45169	80066145
278500	45391	80166672
255300	45433	80370045
12700	45574	80651350
383700	45947	80938545
88900	46102	81629197
377600	46110	81160995
371400	46190	81312729
338700	46326	81597780
12800	46337	81926400
157900	46347	81973060
324700	46383	81792774
261300	46396	81999059
57100	46651	82245289
334100	46668	82158465
136900	46753	82641790
41400	46926	83005860
319900	46989	82820689
12900	47110	83211450
365100	47341	83216922
104900	47583	84016794
429400	47730	83714085
272900	47802	84278514
185000	47845	84256260
13000	47888	84506500
208600	47978	84609385
125100	48173	84961560
431200	48191	84496090
172000	48601	85703749
13100	48663	85811550
345500	48744	85653372
226400	48774	85959990
215900	48827	86064699
69400	48851	86173822
147800	48917	86292180
407200	48968	85897045
302500	49057	86172030
427600	49310	86354899
193200	49312	86838975
391700	49396	86541390
41500	49403	87150910
13200	49451	87126600
229800	49683	87481410
409100	49774	87115722
242900	49819	87621920
416600	49926	87464055
79800	49945	88041195
57200	50071	87960339
405300	50202	87926664
420300	50212	87820964
13300	50241	88451650
433000	50262	87878497
341000	50723	88967070
212300	50739	89289890
97300	50907	89671525
373500	50941	89238059
249200	50943	89647380
239700	50943	89578049
13400	51014	89786700
358700	51044	89285424
281300	51217	89964960
381700	51229	89672005
180800	51250	90094949
327100	51293	89914825
292100	51371	90211314
89000	51404	90524247
331800	51450	90212744
118800	51551	90707805
443600	51551	90030297
142500	51691	90995520
112100	51787	91141080
13500	51824	91131750
41600	51864	91305960
310100	52325	91745940
440100	52429	91519272
317500	52571	92033095
13600	52622	92486800
131200	52709	92639322
425800	52896	92375164
411000	52924	92449800
69500	52970	93118872
252300	52982	93030804
267200	53110	93192074
363000	53117	92895360
397600	53236	93011139
204900	53282	93535104
197200	53283	93557425
162800	53365	93769424
13700	53439	93851850
57300	53465	93685389
307600	53578	93771640
403400	53633	93562004
153000	53728	94363347
105000	53824	94511844
13800	54266	95226900
41700	54347	95471010
219500	54512	95607170
434800	54601	95197329
176500	54655	95868304
79900	54679	96026245
246100	54702	95903145
167500	54717	95980549
189200	54742	95984822
223000	54762	96020335
201100	54900	96212419
137000	54913	96336840
264300	55004	96403070
312600	55027	96233522
13900	55096	96611950
125200	55619	97476610
158000	55750	97768110
14000	55912	98007000
270100	56136	98250334
393700	56201	98000424
97400	56668	99406575
89100	56676	99429297
14100	56718	99412050
41800	56790	99646060
57400	56849	99420439
69600	57067	100073922
233200	57471	100649304
14200	57536	100827100
147900	57641	101077230
352200	57855	101040359
236500	58016	101602765
412900	58054	101130610
305100	58275	101847789
14300	58347	102252150
343300	58352	101916144
112200	58366	102356130
375600	58384	101751015
424000	58431	101731320
258400	58490	102506194
379700	58525	102103254
118900	58535	102592855
350000	58691	102507222
172100	58732	102908799
185100	58743	102761310
14400	59184	103687200
401500	59193	103152604
41900	59206	103831110
80000	59328	104021295
329500	59393	103743045
286800	59721	104329134
297400	59723	104325975
354400	59725	104150529
105100	60011	105016894
14500	60104	105132250
142600	60124	105250570
57500	60274	105165489
208700	60346	105474435
131300	60496	105764372
436600	60598	105191680
255400	60618	105905095
275800	60767	106109080
193300	60805	106164025
14600	61030	106587300
69700	61278	107038972
315100	61317	106761609
418500	61443	106685115
300000	61449	107036454
360900	61453	106782740
216000	61710	107659749
284100	61747	107602269
42000	61865	108026160
14700	61953	108052350
261400	62018	108134109
278600	62069	108021722
89200	62081	108344347
180900	62094	108179999
289500	62159	108203249
294800	62247	108418872
226500	62328	108605040
97500	62593	109151625
347800	62637	108812572
14800	62885	109527400
153100	62969	109668397
162900	63183	110054474
137100	63187	110041890
125300	63197	110001660
229900	63489	110466460
212400	63523	110524940
14900	63811	111012450
57600	63897	110920539
273000	64204	111573564
80100	64360	112026345
243000	64430	111916970
441900	64449	111327174
42100	64476	112231210
322400	64599	111812769
15000	64711	112507500
356600	64840	112279545
167600	64840	112735599
336500	65081	112671555
197300	65174	113282475
158100	65293	113573160
112300	65296	113581180
176600	65300	113523354
239800	65354	113553099
395700	65387	113129445
414800	65476	113203272
69800	65544	114014022
15100	65580	114012550
205000	65631	114030154
119000	65850	114487905
324800	65888	114267824
249300	65898	114572430
422200	65957	113957685
387800	66115	114357635
189300	66119	114909872
369400	66139	114466105
320000	66185	114815739
367300	66394	114916072
105200	66439	115531944
15200	66464	115527600
385800	66490	114924147
148000	66629	115872280
338800	66656	115472830
334200	66719	115573515
42200	66931	116446260
201200	66975	116327469
302600	67223	116427080
399600	67252	116241405
57700	67280	116685589
15300	67356	117052650
89300	67427	117269397
219600	67676	117562220
281400	68059	118100010
252400	68089	118265854
223100	68143	118325385
15400	68257	118587700
389800	68345	118063647
97600	68392	118906675
131400	68428	118899422
371500	68486	118457779
142700	68754	119515620
377700	68781	118926045
438400	68817	118769815
292200	68891	119426364
383800	68976	119313595
80200	69047	120041395
267300	69110	119917124
172200	69161	120123849
15500	69165	120132750
365200	69222	119731972
246200	69399	120518195
42300	69401	120671310
345600	69441	120208422
69900	69627	120999072
185200	70034	121276360
15600	70062	121687800
125400	70574	122536710
264400	70771	122838120
57800	70800	122460639
327200	70859	122629875
310200	70865	122760990
15700	70965	123252850
341100	71092	123072120
137200	71240	123756940
331900	71263	123397794
233300	71424	123974354
317600	71556	123788145
112400	71854	124816230
42400	71855	124906360
15800	71882	124827900
307700	71933	124536690
153200	71973	124983447
236600	72181	125257815
193400	72314	125499075
270200	72388	125265384
358800	72521	125160474
105300	72578	126056994
89400	72639	126204447
163000	72735	126349524
181000	72787	126275049
208800	72788	126349485
119100	72792	126392955
391800	72799	125716440
15900	72811	126412950
373600	73252	126593109
407300	73263	126622095
429500	73399	126659135
312700	73636	127498572
70000	73701	127994122
80300	73715	128066445
16000	73742	128008000
431300	73940	127621140
258500	73946	128351244
381800	74010	127847055
97700	74081	128671725
409200	74171	128030772
57900	74197	128245689
42500	74335	129151410
405400	74383	128461714
216100	74498	129264799
158200	74517	129388210
167700	74619	129500649
16100	74679	129613050
363100	74771	129200410
416700	74804	129129105
427700	74840	129119949
148100	75263	130677330
420400	75288	129856014
176700	75615	131188404
16200	75619	131228100
226600	75673	131260090
255500	75762	131450145
212500	75943	131769990
131500	76081	132044472
433100	76087	131183547
305200	76476	132362839
16300	76567	132853150
197400	76694	133017525
42600	76814	133406460
286900	76815	133014184
397700	76927	132776189
230000	76935	133461510
142800	77073	133790670
275900	77107	133694130
189400	77165	133844922
411100	77418	133554850
297500	77420	134071025
261500	77425	134279159
16400	77519	134488200
58000	77583	134040739
205100	77610	134535204
403500	77653	133907054
70100	77778	134999172
89500	77859	135149497
125500	77892	135081760
443700	77981	134395347
425900	78261	134960214
80400	78399	136101495
112500	78436	136061280
16500	78478	136133250
278700	78480	135886772
284200	78517	136017319
440200	78644	135534322
201300	78716	136452519
105400	78728	136592044
243100	78773	136222020
343400	78830	136251194
352300	78834	136265409
329600	79028	136698095
300100	79182	137041504
172300	79195	137348899
289600	79227	137158299
137300	79259	137481990
42700	79306	137671510
239900	79357	137538149
16600	79449	137788300
350100	79562	137512272
393800	79639	137375474
119200	79750	138308005
97800	79781	138446775
294900	79855	137903922
315200	79936	138276659
273100	80148	138878614
16700	80430	139453350
434900	80455	138682379
249400	80461	139507480
219700	80487	139527270
375700	80769	139316065
354500	80824	139595579
185300	80910	139801410
58100	80994	139845789
223200	81167	140640435
379800	81180	140078304
153300	81258	140308497
16800	81416	141128400
42800	81823	141946560
70200	81909	142014222
163100	82282	142654574
16900	82415	142813450
413000	82668	142425660
361000	82826	142877790
252500	83015	143510904
89600	83129	144104547
401600	83134	143307654
80500	83136	144146545
181100	83396	144380099
17000	83410	144508500
322500	83518	144057819
193500	83650	144844125
424100	83715	144136370
158300	83792	145213260
131600	83796	145199522
246300	83797	145143245
347900	83803	143597622
148200	83951	145492380
42900	84338	146231610
17100	84404	146213550
58200	84412	145660839
167800	84438	146275699
281500	84520	146245060
267400	84721	146652174
336600	84825	146326605
105500	84910	147137094
320100	84925	146820789
302700	84968	146692130
208900	85010	147234535
112600	85045	147316330
233400	85075	147309404
125600	85244	147636810
17200	85385	147928600
142900	85423	148075720
97900	85502	148231825
324900	85597	146752874
356700	85744	147944595
176800	85962	148863454
292300	85984	148651414
70300	85991	149039272
236700	86019	148922865
264500	86227	149283170
334300	86300	148998565
17300	86387	149653650
436700	86497	148856730
338900	86503	149357880
119300	86716	150233055
43000	86813	150526660
418600	86870	148540165
216200	87118	150879849
137400	87274	151217040
17400	87388	151388700
369500	87774	151411155
58300	87779	151485889
80600	87800	152201595
367400	87891	151651122
270300	88152	152290434
189500	88219	152789972
197500	88234	152762575
89700	88324	153069597
212600	88344	153025040
17500	88402	153133750
395800	88583	152704495
387900	88849	153142685
226700	88890	153925140
310300	89002	153786040
258600	89038	154206294
385900	89103	153509197
172400	89260	154583949
43100	89305	154831710
17600	89424	154888800
205200	89591	155050254
345700	89680	154773472
414900	89852	154688322
307800	89953	155311740
327300	90018	155354925
70400	90067	156074322
317700	90140	155553195
371600	90222	155612829
230100	90358	156466560
442000	90392	155522224
17700	90455	156653850
201400	90466	156587569
153400	90556	155643547
365300	90595	156257022
255600	90658	157005195
399700	90685	156206455
332000	90700	156592844
422300	90714	156182735
377800	90907	156701095
105600	91041	157692144
341200	91074	157187170
389900	91181	157048697
58400	91184	157320939
98000	91197	158026875
131700	91434	158364572
17800	91495	158428900
112700	91602	158581380
185400	91709	158336460
163200	91774	158969624
43200	91827	159146760
312800	91935	158773622
383900	92180	157698645
80700	92508	160266645
17900	92543	160213950
125700	92549	160201860
148300	92564	160317430
261600	92682	160434209
243200	92957	160537070
158400	92987	161048310
276000	93217	161289180
219800	93306	161502320
240000	93361	161533199
89800	93567	162044647
287000	93585	161709234
18000	93596	162009000
358900	93613	161045524
119400	93673	162168105
143000	93748	162370770
181200	93952	162495149
70500	94188	163119372
223300	94195	162965485
167900	94201	163060749
305300	94325	162887889
43300	94352	163471810
438500	94553	162614865
58500	94607	163165989
18100	94645	163814050
278800	94776	163761822
297600	94820	163826075
193600	94906	164199175
249500	94989	164452530
284300	95118	164442369
373700	95137	163958159
137500	95280	164962090
18200	95693	165629100
391900	95781	164901490
363200	96031	165515460
273200	96066	166193664
289700	96135	166123349
176900	96255	166548504
381900	96361	166032105
300200	96718	167056554
18300	96753	167454150
43400	96861	167806860
98100	96912	167831925
407400	97125	167357145
209000	97169	168129585
105700	97198	168257194
80800	97206	168341695
295000	97518	167398972
252600	97703	168765954
18400	97819	169289200
58600	98006	169021039
246400	98128	169778295
405500	98136	169006764
409300	98154	168955822
112800	98159	169856430
70600	98274	170174422
329700	98287	169663145
315300	98338	169801709
429600	98609	169614185
233500	98659	170654454
89900	98780	171029697
18500	98893	171134250
343500	98924	170596244
131800	99092	171539622
431400	99217	170756190
189600	99258	171745022
172500	99303	171828999
43500	99378	172151910
352400	99452	171500459
153500	99484	170988597
216300	99702	172504899
197600	99737	172517625
236800	99786	172597915
125800	99859	172776910
416800	99902	170804155
427800	99919	171894999
420500	99939	171901064
18600	99969	172989300
350200	100030	172527322
397800	100186	172551239
267500	100276	173397224
119500	100599	174113155
212700	100720	174290090
281600	100896	174400110
18700	101054	174854350
148400	101180	175152480
403600	101272	174262104
163300	101274	175294674
58700	101419	174886089
433200	101473	174498597
411200	101508	174669900
354600	101540	175050629
205300	101548	175575304
264600	101613	175738220
80900	101903	176426745
43600	101909	176506960
143100	102048	176675820
226800	102092	176600190
18800	102149	176729400
158500	102180	176893360
201500	102200	176732619
322600	102339	176312869
70700	102380	177239472
185500	102493	176881510
98200	102617	177646975
302800	102622	176967180
393900	102705	176760524
375800	102746	176891115
292400	103014	177886464
426000	103239	177555264
18900	103244	178614450
137600	103270	178717140
105800	103341	178832244
379900	103393	178063354
320200	103560	178835839
230200	103751	179481610
270400	103889	179325484
361100	103902	178982840
168000	103949	179855799
443800	103978	178770397
90000	103996	180024747
258700	104083	180071344
348000	104148	178392672
19000	104337	180509500
440300	104425	179559372
43700	104438	180872010
336700	104440	179991655
181300	104476	180620199
325000	104571	179247924
112900	104722	181141480
58800	104834	180761139
19100	105449	182414550
255700	105523	182570245
334400	105815	182433615
435000	105907	182177429
219900	106080	183487370
193700	106157	183564225
339000	106283	183252930
70800	106490	184314522
177000	106542	184243554
19200	106563	184329600
356800	106567	183619645
81000	106606	184521795
401700	106609	183472704
131900	106750	184724672
413100	106812	183730710
43800	106982	185247060
310400	107086	184821090
243300	107091	184862120
223400	107165	185300535
125900	107167	185361960
240100	107295	185538249
119600	107542	186068205
19300	107672	186254650
261700	107868	186599259
307900	107889	186096790
98300	108300	187472025
58900	108345	186646189
153600	108397	186343647
424200	108499	186551420
317800	108659	187328245
19400	108789	188189700
327400	109108	188089975
90100	109210	189029797
276100	109240	188894230
209100	109279	189034635
172600	109310	189084049
367500	109339	188396172
369600	109346	188366205
249600	109464	189407580
105900	109469	189417294
43900	109504	189632110
148500	109780	189997530
345800	109836	189348522
19500	109915	190134750
332100	110045	189797894
312900	110133	190058672
287100	110245	190414284
189700	110250	190710072
143200	110333	190990870
70900	110578	191399572
163400	110729	191629724
341300	110963	191312220
278900	110969	191646872
19600	111045	192089800
197700	111190	192282675
137700	111225	192482190
113000	111260	192436530
81100	111278	192626845
418700	111326	190405215
158600	111351	192748410
388000	111471	191937735
386000	111618	192104247
284400	111624	192877419
395900	111674	192289545
365400	111880	192792072
371700	111888	192777879
273300	111908	193518714
59000	111943	192541239
436800	112011	192531780
44000	112045	194027160
305400	112054	193422939
297700	112125	193591125
19700	112188	194054850
233600	112199	194009504
216400	112239	194139949
246500	112422	194423345
252700	112637	194031004
377900	112956	194486145
289800	112966	195098399
212800	113052	195565140
19800	113340	196029900
205400	113459	196110354
185600	113496	195436560
236900	113539	196282965
168100	113684	196660849
201600	113879	196887669
390000	113930	196043747
98400	114000	197307075
399800	114013	196181505
415000	114081	196183372
300300	114151	197081604
132000	114386	197919722
90200	114437	198044847
126000	114451	197957010
119700	114475	198033255
19900	114485	198014950
384000	114535	196093695
359000	114568	196940574
44100	114602	198432210
295100	114665	196904022
71000	114696	198494622
181400	114982	198755249
226900	115246	199285240
59100	115376	198446289
422400	115381	198417785
106000	115615	200012344
20000	115648	200010000
267600	115802	200152274
81200	115998	200741895
442100	116216	199727274
315400	116686	201336759
177100	116801	201948604
20100	116815	202015050
373800	116955	201333209
264700	116974	202203270
230300	117114	202506660
44200	117171	202847260
363300	117182	201840510
281700	117266	202565160
153700	117315	201708697
193800	117397	202939275
329800	117476	202638195
113100	117842	203741580
20200	117981	204030100
148600	118402	204852580
382000	118620	204227155
392000	118631	204096540
143300	118646	205315920
59200	118817	204361339
71100	118823	205599672
220000	118835	205482420
343600	118910	204951294
258800	119088	205946394
20300	119155	206055150
137800	119226	206257240
172700	119332	206349099
90300	119680	207069897
98500	119718	207152125
44300	119733	207272310
270500	119845	206370534
352500	119969	206745509
292500	120011	207131514
223500	120113	207645585
438600	120150	206469915
163500	120232	207974774
302900	120240	207252230
20400	120340	208090200
255800	120369	208145295
350300	120405	207552372
158700	120562	208613460
81300	120712	208866945
407500	120862	208102195
322700	121136	208577919
240200	121216	209553299
189800	121267	209685122
209200	121428	209949685
243400	121439	209197170
119800	121440	210008305
20500	121530	210135250
106100	121770	210617394
405600	121773	209561814
126100	121773	210562060
409400	122028	209890872
132100	122060	211124772
320300	122149	210860889
354700	122181	210515679
59300	122258	210286389
44400	122300	211707360
197800	122664	212057725
20600	122707	212190300
71200	122933	212714722
261800	123041	212774309
397900	123357	212336289
168200	123426	213475899
325100	123461	211752974
429700	123667	212579235
20700	123887	214255350
249700	123918	214372630
336800	124024	213666705
416900	124170	212489205
185700	124246	214001610
431500	124343	213901240
113200	124374	215056630
348100	124382	213197722
420600	124427	213956114
375900	124601	214476165
216500	124776	215784999
403700	124777	214627154
44500	124850	216152410
427900	124870	214680049
361200	124888	215097890
90400	124891	216104947
20800	125104	216330400
310500	125107	215866140
334500	125258	215878665
276200	125263	216509280
205500	125385	216655404
212900	125412	216850190
81400	125426	217001995
98600	125437	217007175
411300	125511	215794950
380000	125518	216058404
181500	125521	216900299
201700	125607	217052719
394000	125706	216155574
59400	125735	216221439
233700	125804	217374554
308000	125863	216891840
339100	126038	217157980
153800	126273	217083747
20900	126391	218415450
246600	126822	219078395
433300	126848	217823647
287200	127034	219129334
143400	127055	219650970
148700	127131	219717630
177200	127189	219663654
71300	127194	219839772
317900	127261	219113295
279000	127300	219541922
137900	127344	220042290
237000	127414	219978015
252800	127430	219306054
356900	127480	219304695
44600	127604	220607460
21000	127691	220510500
273400	127949	220853764
106200	128094	221232444
426100	128233	220160314
284500	128339	221322469
327500	128385	220835025
313000	128546	221353722
119900	128590	221993355
227000	128619	221980290
193900	128864	222324325
21100	128992	222615550
126200	129341	223177110
59500	129417	222166489
172800	129619	223624149
332200	129628	223012944
297800	129718	223366175
163600	129998	224329824
132200	130004	224339822
158800	130053	224488510
305500	130118	223967989
289900	130124	224083449
443900	130164	223155447
345900	130256	223933572
21200	130273	224730600
401800	130314	223647754
44700	130332	225072510
440400	130378	223594422
81500	130427	225147045
90500	130444	225149997
230400	130740	225541710
367600	131033	225151222
341400	131129	225447270
369700	131160	225331255
413200	131162	225045760
113300	131261	226381680
98700	131432	226872225
71400	131500	226974822
21300	131508	226855650
435100	131573	225682479
267700	131604	226917324
220100	131881	227487470
300400	131896	227116654
295200	132111	226419072
189900	132575	228670172
264800	132619	228678320
21400	132766	228990700
59600	132929	228121539
44800	132951	229547560
223600	133392	230000635
365500	133484	229337122
168300	133531	230300949
424300	133573	228976470
371800	133863	229952929
209300	133884	230874735
281800	133954	230740210
21500	134030	231135750
106300	134408	231857494
258900	134412	231831444
388100	134418	230742785
197900	134478	231842775
386100	134478	230709297
396000	135092	231884595
81600	135216	233302095
21600	135292	233290800
378000	135300	232281195
315500	135353	232881809
185800	135398	232576660
153900	135475	232468797
240300	135478	233578349
255900	135531	233730345
138000	135554	233837340
44900	135580	234032610
143500	135602	233996020
120000	135685	233988405
71500	135697	234119872
90600	135749	234205047
359100	135870	232845624
270600	135885	233425584
243500	135895	233542220
148800	135978	234592680
418800	136099	232280265
181600	136381	235055349
59700	136432	234086589
21700	136561	235455850
126300	136759	235802160
329900	137001	235623245
390100	137036	235048797
98800	137231	236747275
384100	137279	234498745
292600	137376	236386564
201800	137650	237227769
205600	137665	237210454
399900	137706	236166555
177300	137714	237388704
216600	137733	237440049
132300	137748	237564872
21800	137836	237630900
436900	137892	236216830
113400	137919	237716730
213000	138125	238145240
45000	138216	238527660
303000	138233	237547280
261900	138614	238959359
415100	138648	237688422
363400	138711	238175560
249800	138794	239347680
21900	139106	239815950
373900	139139	238718259
343700	139270	239316344
158900	139346	240373560
163700	139567	240694874
233800	139717	240749604
172900	139733	240909199
71600	139873	241274922
59800	139920	240061639
81700	139975	241467145
194000	140259	241719375
322800	140276	240852969
422500	140352	240662835
22000	140367	242011000
106400	140613	242492544
45100	140819	243032710
352600	140852	242000559
90700	141028	243270097
320400	141129	242895939
350400	141147	242587422
382100	141236	242432205
246700	141388	243743445
237100	141401	243683065
22100	141646	244216050
276300	141651	244134330
392100	141841	243301590
227100	141945	244685340
252900	142313	244591104
442200	142373	243942324
120100	142674	245993455
325200	142757	244268024
22200	142941	246431100
98900	142982	246632325
354800	143199	245990729
168400	143356	247135999
59900	143411	246046689
45200	143456	247547760
310600	143549	246921190
138100	143600	247642390
190000	143677	247665222
279100	143760	247446972
143600	143970	248351070
287300	144004	247854384
273500	144023	248198814
336900	144045	247351755
71700	144048	248439972
126400	144119	248437210
308100	144135	247696890
230500	144217	248586760
22300	144244	248656150
154000	144465	247863847
113500	144522	249061780
148900	144655	249477730
81800	144744	249642195
220200	144750	249502520
407600	144973	248857245
284600	145071	249777519
348200	145076	248012772
334600	145123	249333715
132400	145447	250799922
22400	145548	250891200
405700	145790	250126864
318000	145996	250908345
198000	146010	251637825
45300	146085	252072810
209400	146093	251809785
339200	146102	251073030
438700	146116	250334965
185900	146227	251161710
409500	146255	250835922
90800	146311	252345147
361300	146325	251222940
223700	146421	252365685
106500	146790	253137594
22500	146818	253136250
376000	146905	252071215
398000	146909	252131339
313100	146910	252658772
60000	146912	252041739
181700	146924	253220399
290000	147061	253078499
297900	147102	253151225
267800	147209	253692374
327600	147570	253590075
305600	147891	254523039
177400	147966	255123754
380100	147973	254063454
264900	147995	255163370
22600	148077	255391300
71800	148141	255615022
357000	148455	254999745
159000	148512	256268610
45400	148657	256607860
403800	148669	255002204
99000	148670	256527375
417000	148854	254184255
394100	148969	255560624
163800	149033	257069924
332300	149034	256237994
429800	149100	255554285
295300	149311	255944122
420700	149337	256021164
201900	149357	257412819
300500	149405	257161704
22700	149428	257656350
240400	149438	257613399
259000	149446	257726494
81900	149455	257827245
205700	149590	257775504
120200	149612	258008505
173000	149765	258204249
411400	149853	256930000
431600	149907	257056290
428000	150260	257475099
216700	150342	259105099
281900	150403	258925260
256000	150447	259325395
243600	150489	257897270
346000	150537	258528622
213100	150538	259450290
60100	150810	258046789
22800	150824	259931400
341500	151163	259592320
113600	151168	260416830
45500	151427	261152910
126500	151527	261082260
194100	151626	261124425
90900	151661	261430197
138200	151703	261457440
270700	152129	260490634
22900	152221	262216450
143700	152422	262716120
71900	152506	262800072
433400	152510	261158697
367700	152683	261916272
369800	152945	262306305
106600	153146	263792644
132500	153283	264044972
168500	153292	263981049
149000	153445	264372780
249900	153451	264332730
426200	153455	262775364
233900	153465	264134654
154100	153546	263268897
23000	153599	264511500
315600	153894	264436859
262000	153975	265154409
401900	154003	263832804
45600	154161	265707960
82000	154406	266022295
60200	154428	264061839
292700	154562	265651614
99100	154644	266432425
190100	154871	266670272
23100	154952	266816550
365600	155018	265892172
227200	155326	267400390
237200	155369	267398115
413300	155530	266370810
371900	155744	267137979
246800	155904	268418495
303100	156043	267852330
23200	156280	269131600
444000	156349	267550497
440500	156354	267639472
330000	156379	268618295
72000	156712	269995122
120300	156770	270033555
45700	156804	270273010
91000	157012	270525247
359200	157038	268760674
386200	157194	269324347
435200	157215	269197529
388200	157231	269557835
378100	157530	270086245
186000	157566	269756760
253000	157574	269886154
23300	157622	271456650
198100	157650	271442875
181800	157656	271395449
220300	157686	271527570
230600	157750	271641810
276400	157881	271769380
113700	157883	271781880
60300	157938	270086889
159100	157963	272173660
396100	158402	271489645
209500	158441	272754835
177500	158525	272868804
424400	158611	271411520
163900	158805	273454974
126600	159014	273737310
23400	159049	273791700
82100	159239	274227345
322900	159337	273138019
106700	159422	274457694
343800	159532	273691394
45800	159547	274848060
223800	159669	274740735
138300	159901	275282490
384200	159975	272913795
320500	160058	274940989
390200	160077	274063847
173100	160095	275509299
363500	160169	274520610
273600	160177	275553864
279200	160264	275362022
23500	160475	276136750
99200	160523	276347475
418900	160881	274165315
143800	160960	277091170
287400	161005	276589434
72100	161053	277200172
132600	161133	277300022
374000	161270	276113309
400000	161401	276161605
202000	161449	277607869
60400	161614	276121939
352700	161765	277265609
23600	161898	278491800
205800	161903	278350554
350500	161924	277632472
284700	161934	278242569
310700	161974	277986240
325300	162046	276793074
149100	162304	279277830
45900	162324	279433110
308200	162413	278511940
91100	162511	279630297
154200	162704	278683947
267900	163190	280477424
194200	163195	280539475
415200	163251	279203472
213200	163261	280765340
216800	163279	280780149
23700	163303	280856850
168600	163305	280836099
240500	163804	281658449
437000	163816	279911880
265000	163833	281658420
382200	163951	280647255
120400	163994	282068605
337000	164070	281046805
82200	164164	282442395
354900	164269	281475779
290100	164368	282083549
23800	164705	283231900
113800	164728	283156930
298000	164867	282946275
318100	164899	282713395
259100	164900	283631544
334700	164998	282798765
243700	165003	282262320
46000	165027	284028160
392200	165142	282516640
60500	165200	282166989
72200	165333	284415222
422600	165435	282917885
313200	165561	283973822
256100	165689	284930445
348300	165761	282837822
106800	165789	285132744
23900	166100	285616950
190200	166153	285685322
305700	166160	285088089
339300	166282	284998080
99300	166416	286272525
126700	166567	286402360
295400	166968	285479172
327700	167133	286355125
282000	167200	287120310
234000	167326	287529704
300600	167343	287216754
159200	167471	288088710
24000	167513	288012000
46100	167742	288633210
361400	167827	287357990
91200	167883	288745347
138400	168112	289117540
270800	168194	287565684
250000	168252	289327780
181900	168520	289580499
164000	168565	289850024
186100	168679	288361810
442300	168688	288167374
60600	168784	288222039
227300	168812	290125440
332400	168886	289473044
24100	168932	290417050
132700	168988	290565072
82300	169007	290667445
177600	169096	290623854
407700	169201	289622295
376100	169329	289676265
237300	169447	291123165
198200	169462	291257925
143900	169467	291476220
262100	169502	291359459
72300	169594	291640272
357100	169792	290704795
405800	169915	290701914
24200	170352	292832100
173200	170363	292824349
46200	170460	293248260
246900	170552	293103545
409600	170643	291790972
398100	170648	291936389
380200	170684	292078504
220400	170808	293562620
209600	170902	293709885
120500	171085	294113655
149200	171089	294192880
346100	171139	293133672
113900	171440	294541980
230700	171469	294706860
341600	171507	293747370
24300	171781	295257150
154300	171791	294108997
292800	171923	294926664
106900	172087	295817794
438800	172236	294210015
99400	172278	296207575
60700	172362	294287089
394200	172510	294975674
315700	172597	296001909
253100	172626	295191204
403900	172811	295387254
223900	172937	297125785
46300	173182	297873310
24400	173217	297692200
168700	173248	297701149
91300	173266	297870397
202100	173383	297812919
417100	173798	295889305
82400	173856	298902495
72400	173859	298875322
126800	174043	299077410
205900	174058	298935604
303200	174087	298167380
276500	174301	299414430
411500	174410	298075050
420800	174477	298096214
367800	174538	298691322
194300	174650	299964525
24500	174655	300137250
429900	174758	298539335
369900	174900	299291355
431700	175671	300221340
428100	175799	300280149
213300	175810	302090390
46400	175904	302508360
60800	175936	300362139
330100	176003	301623345
216900	176057	302465199
24600	176092	302592300
138500	176253	302962590
273700	176365	302918914
365700	176715	302457222
279300	176775	303287072
132800	176799	303840122
159300	176852	304013760
190300	177374	304710372
24700	177555	305057350
372000	177840	304333029
402000	177899	304027854
144000	177937	305871270
240600	177968	305713499
287500	177986	305334484
72500	178126	306120372
99500	178139	306152625
114000	178156	305937030
120600	178186	306168705
164100	178223	306255074
433500	178294	304503747
107000	178384	306512844
359300	178486	304685724
323000	178515	305433069
46500	178646	307153410
91400	178649	307005447
82500	178706	307147545
284800	178727	306717619
426300	178779	305400414
268000	178985	307272474
24800	179010	307532400
320600	179059	306996039
182000	179246	307775549
243800	179372	306637370
265100	179443	308163470
60900	179536	306447189
177700	179567	308388904
186200	179653	306976860
149300	179876	309117930
343900	179948	308076444
378200	180063	307901295
413400	180112	307705860
259200	180169	309546594
386300	180188	307949397
310800	180340	309061290
388300	180357	308382885
24900	180476	310017450
173300	180574	310149399
308300	180620	309336990
256200	180791	310545495
154400	180890	309544047
234100	181117	310934754
198300	181156	311082975
325400	181286	309328124
46600	181387	311808460
290200	181502	311098599
126900	181514	311762460
363600	181721	310875660
25000	181933	312512500
396200	181953	311104695
227400	182183	312860490
72600	182373	313375422
298100	182428	312751325
440600	182530	311694522
352800	182613	312540659
350600	182619	312687522
384300	182735	311338845
444100	182767	311955547
250100	182938	314332830
61000	183084	312542239
435300	183098	312722579
168800	183129	314576199
390300	183190	313088897
209700	183194	314674935
25100	183361	315017550
237400	183378	314858215
374100	183394	313518359
82600	183504	315402595
318200	183627	314528445
220500	183724	315607670
282100	183768	315325360
424500	183788	313856570
99600	183921	316107675
337100	183922	314751855
91500	183957	316150497
313300	183996	315298872
46700	184049	316473510
270900	184089	314650734
305800	184136	315663139
138600	184332	316817640
295500	184332	315024222
132900	184539	317125172
107100	184591	317217894
334800	184689	316273815
114100	184781	317342080
25200	184796	317532600
262200	184839	317574509
230800	184957	317781910
300700	184983	317281804
247000	184996	317798595
400100	185019	316166655
355000	185143	316970829
120700	185182	318233755
202200	185182	318027969
419000	185607	316060365
194400	185971	319399575
224000	185986	319520835
206000	186070	319530654
159400	186102	319948810
339400	186202	318933130
348400	186225	317672872
25300	186247	320057650
144100	186290	320276320
327800	186346	319130175
382300	186433	318872305
72700	186533	320640472
61100	186585	318647289
46800	186732	321148560
253200	187363	320506254
415300	187693	320728522
25400	187706	322592700
164200	187709	322670124
392300	188183	321741690
213400	188197	323425440
82700	188247	323667645
332500	188334	322718094
190400	188400	323745422
149400	188469	324052980
217000	188651	324160249
127000	188787	324457510
361500	188987	323503040
292900	189007	324211714
25500	189164	325137750
91600	189213	325305547
46900	189420	325833610
437100	189504	323616930
99700	189639	326072725
182100	189737	325980599
154500	189761	324989097
177800	189795	326163954
61200	190101	324762339
422700	190227	325182935
276600	190361	327069480
186300	190378	325601910
173400	190528	327484449
25600	190620	327692800
357200	190664	326419845
72800	190701	327915522
107200	190737	327932944
315800	190976	327576959
376200	191324	327291315
114200	191334	328757130
346200	191337	327748722
341700	191422	327912420
303300	191726	328492430
240700	191871	329778549
25700	192095	330257850
47000	192111	330528660
120800	192116	330308805
133000	192167	330420222
273800	192212	330293964
138700	192287	330682690
198400	192531	330918025
168900	192830	331461249
380300	192858	330103554
279400	192921	331222122
82800	192996	331942695
407800	193026	330397345
243900	193411	331022420
25800	193575	332832900
405900	193623	331286964
61300	193627	330887389
398200	193886	331751439
268100	194427	334077524
91700	194472	334470597
234200	194561	334349804
409700	194564	332756022
144200	194564	334691370
442400	194564	332402424
287600	194605	334089534
265200	194700	334678520
47100	194815	335233710
72900	194887	335200572
25900	195060	335417950
259300	195067	335471644
330200	195143	334638395
284900	195152	335202669
227500	195214	335605540
209800	195227	335649985
159500	195265	335893860
99800	195364	336047775
394300	195485	334400724
256300	195514	336170545
367900	195928	335476372
127100	196082	337162560
404000	196352	335782304
220600	196401	337662720
370000	196405	336286405
26000	196556	338013000
202300	196807	338253019
107300	196911	338657994
237500	197022	338603265
149500	197047	338998030
164300	197139	339095174
194500	197165	338844625
61400	197166	337022439
323100	197225	337738119
250200	197307	339347880
47200	197530	339948760
320700	197573	339061089
82900	197759	340227745
438900	197824	338095065
114300	197919	340182180
206100	197920	340135704
365800	197947	339032272
26100	198059	340618050
417200	198083	337604355
230900	198228	340866960
290300	198239	340123649
310900	198272	340146340
411600	198338	339230100
308400	198413	340172040
154600	198647	340444147
224100	198860	341925885
420900	198974	340181264
120900	199077	342393855
73000	199089	342495622
247100	199200	342503645
359400	199339	340620774
190500	199354	342790472
372100	199397	341538079
26200	199566	343233100
298200	199610	342566375
271000	199665	341745784
91800	199766	343645647
430000	199775	341534385
133100	199827	343725272
344000	199828	342471494
262300	199922	343799559
177900	200027	343949004
282200	200029	343540410
325500	200050	341873174
182200	200210	344195649
47300	200253	344673810
138800	200275	344557740
213500	200481	344770490
173500	200515	344829499
61500	200713	343167489
428200	200740	343095199
431800	200778	343396390
26300	201081	345858150
186400	201104	344236960
217100	201123	345865299
99900	201123	346032825
402100	201229	344232904
295600	201368	344579272
305900	201753	346248189
253300	201933	345831304
378300	201961	345726345
318300	201978	346353495
313400	202085	346633922
300800	202327	347356854
386400	202546	346584447
83000	202546	348522795
169000	202562	348356299
26400	202606	348493200
363700	202724	347240710
388400	202822	347217935
350700	202847	347752572
144300	202884	349116420
47400	202988	349408860
352900	203003	347825709
107400	203107	349393044
73100	203302	349800672
337200	203413	348466905
127200	203421	349877610
433600	203466	347858797
426400	203515	348035464
198500	203967	350763075
334900	204031	349758865
413500	204062	349050910
26500	204128	351138250
61600	204273	349322539
159600	204468	351848910
114400	204524	351617230
396300	204855	350729745
384400	204957	349773895
374200	205063	350933409
91900	205065	352830697
327900	205296	351915225
26600	205657	353793300
149600	205669	353953080
355100	205681	352475879
47500	205720	354153910
240800	205750	353853599
390400	205798	352123947
339500	205828	352878180
293000	205906	353506764
121000	206052	354488905
276700	206323	354734530
348500	206376	352517922
164400	206616	355530224
100000	206891	356027875
26700	207195	356458350
83100	207331	356827845
209900	207338	356635035
244000	207471	355417470
133200	207516	357040322
73200	207522	357115722
332600	207550	355973144
154700	207568	355909197
61700	207836	355487589
273900	208012	357679014
440700	208070	355759572
234300	208085	357774854
400200	208211	356181705
138900	208292	358442790
227600	208347	358360590
435400	208352	356257629
194600	208392	358299675
424600	208395	356311620
47600	208470	358908960
202400	208490	358488069
444200	208502	356370597
382400	208567	357107355
26800	208743	359133400
279500	209049	359167172
220700	209130	359727770
315900	209229	359162009
303400	209283	358827480
107500	209309	360138094
206200	209826	360750754
419100	209904	357965415
268200	209906	360892574
361600	209924	359658090
265300	210010	361203570
259400	210027	361406694
26900	210288	361818450
178000	210301	361744054
256400	210310	361805595
190600	210346	361845522
92000	210372	362025747
173600	210525	362184549
182300	210727	362420699
237600	210743	362358315
127300	210750	362602660
392400	210897	360976740
114500	211125	363062280
144400	211180	363551470
341800	211193	362087470
47700	211196	363674010
287700	211205	362854584
357300	211333	362144895
346300	211379	362373772
61800	211380	361662639
231000	211517	363962010
285000	211595	363697719
250300	211706	364372930
73300	211714	364440772
415400	211748	362263572
224200	211756	364340935
27000	211810	364513500
186500	211828	362882010
83200	212091	365142895
169100	212266	365261349
100100	212616	366032925
213600	212747	366125540
121100	212979	366593955
376300	213079	364916365
27100	213329	367218550
247200	213380	367218695
217200	213571	367580349
159700	213606	367813960
47800	213879	368449060
330300	214161	367663445
149700	214197	368918130
422800	214652	367457985
437200	214763	367331980
380400	214780	368138604
27200	214849	369933600
61900	214861	367847689
290400	214914	369158699
262400	214952	370034609
133300	215069	370365372
271100	215188	368850834
198600	215276	370618125
107600	215373	370893144
92100	215536	371230797
323200	215803	370053169
73400	215825	371775822
164500	215948	371975274
320800	215964	371136139
311000	216098	371241390
308500	216128	371017090
139000	216147	372337840
282300	216200	371765460
154800	216342	371384247
27300	216376	372658650
253400	216376	371166354
407900	216505	371182395
47900	216554	373234110
298300	216692	372391425
83300	216762	373467945
398300	216857	371576489
406000	217016	371882014
368000	217058	372271422
114600	217561	374517330
370100	217652	373291455
127400	217889	375337710
27400	217909	375393700
409800	218132	373731072
394400	218153	373835774
295700	218228	374144322
100200	218229	376047975
62000	218342	374042739
325600	218664	374428224
365900	218930	375617322
306000	219196	376843239
210000	219202	377630085
48000	219241	378029160
144500	219279	377996520
194700	219363	377764725
240900	219400	377938649
27500	219453	378138750
300900	219467	377441904
344100	219507	376876544
404100	219554	376187354
121200	219780	378709005
202500	219899	378733119
73500	219940	379120872
359500	219943	376565824
313500	219971	377978972
442500	220003	376647474
318400	220114	378188545
173700	220259	379549599
178100	220295	379549104
372200	220686	378753129
92200	220697	380445847
182400	220961	380655749
27600	221004	380893800
190700	221047	380910572
227700	221164	381125640
244100	221237	379822520
234400	221292	381209904
107700	221404	381658194
206300	221408	381375804
83400	221433	381802995
220800	221552	381802820
169200	221744	382176399
62100	221823	380247789
411700	221903	380395150
48100	221935	382834210
417300	221975	379329405
276800	221977	382409580
186600	222296	381537060
293100	222495	382811814
133400	222537	383700422
159800	222557	383789010
27700	222559	383658850
149800	222581	383893180
337300	222616	382191955
350800	222808	382827622
439000	222985	381990115
335000	223039	383253915
421000	223054	382276314
353000	223079	383120759
363800	223421	383615760
274000	223444	385074064
378400	223529	383561395
100300	223838	386073025
328000	223910	384710275
139100	223931	386242890
114700	223995	385982380
73600	224057	386475922
237700	224079	386123365
27800	224120	386433900
402200	224178	384447954
224300	224318	386765985
430100	224342	384539435
231100	224469	387067060
386500	224561	385229497
259500	224575	387351744
48200	224631	387649260
256500	224684	387450645
213700	224725	387490590
279600	224771	387122222
265400	224885	387738620
388500	224928	386062985
268300	224953	387717624
154900	225016	386869297
127500	225031	388082760
339600	225061	386833230
164600	225163	388430324
428300	225190	385920249
62200	225314	386462839
431900	225422	386581440
27900	225690	389218950
250400	225721	389407980
217300	225737	389305399
355200	225798	387990929
92300	225868	389670897
83500	226107	390148045
348600	226116	387372972
332700	226330	389238194
374300	226350	388358459
303500	226387	389172530
198700	226407	390483175
121300	226577	390834055
384500	226766	388218945
316000	227022	390757059
247300	227226	391943745
28000	227265	392014000
48300	227336	392474310
396400	227366	390364795
287800	227372	391629634
144600	227373	392451570
107800	227444	392433244
413600	227546	390405960
285100	227588	392202769
426500	227760	390680514
390500	227956	391168997
433700	228139	391223847
73700	228188	393840972
62300	228805	392687889
28100	228846	394819050
100400	229467	396108075
262500	229650	396279659
173800	229991	396924649
133500	230021	397045472
48400	230042	397309360
382500	230167	395352405
178200	230262	397364154
194800	230272	397239775
361700	230303	395823140
271200	230414	395965884
28200	230430	397634100
114800	230434	397457430
341900	230441	396272520
253500	230582	396511404
83600	230782	398503095
400300	230847	396206755
346400	230872	397008822
149900	230972	398878230
210100	230974	398635135
92400	231044	398905947
182500	231186	398900799
169300	231226	399101449
290500	231229	398203749
202600	231247	398988169
357400	231448	397879945
159900	231507	399774060
139200	231732	400157940
190800	231737	399985622
28300	232008	400459150
282400	232033	400000510
127600	232171	400837810
62400	232296	398922939
73800	232314	401216022
424700	232424	398776670
330400	232715	400698495
48500	232747	402154410
186700	232750	400202110
241000	232885	402033699
206400	232958	402010854
435500	232968	399802679
440800	232985	399834622
392500	233023	400221790
121400	233365	402969105
298400	233431	402226475
308600	233462	401872140
107900	233480	403218294
419200	233512	399880465
311100	233560	402346440
28400	233601	403294200
444300	233616	400795647
155000	233687	402364347
220900	233915	403887870
227800	233917	403900690
323300	233965	402378219
320900	233966	403221189
376400	234263	402551415
164700	234389	404895374
234500	234425	404654954
295800	234827	403719372
244200	234903	404237570
100500	235095	406153125
415500	235161	403808622
28500	235208	406139250
83700	235463	406868145
48600	235469	407009460
144700	235474	406916620
62500	235805	405167989
380500	236187	406183654
92500	236219	408150997
301000	236372	407536954
306100	236384	407448289
73900	236457	408601072
213800	236700	408865640
28600	236826	408994300
114900	236878	408942480
224400	236898	409201035
325700	236984	406993274
237800	237414	409898415
231200	237422	410182110
276900	237511	410094630
133600	237512	410400522
198800	237554	410358225
313600	237603	409334022
368100	237776	409076472
217400	237925	411040449
318500	238017	410033595
48700	238203	411874510
28700	238450	411859350
422900	238500	409743035
370200	238501	410306505
274100	238824	412479114
344200	238872	411291594
293200	238972	412126864
256600	239087	413105695
259600	239124	413306794
398400	239318	411411539
62600	239336	411423039
127700	239349	413602860
150000	239389	413873280
437300	239458	411057030
408000	239526	411977445
366000	239554	412212372
108000	239558	414013344
139300	239564	414082990
173900	239754	414309699
250500	239765	414453030
265500	239786	414283670
406100	239904	412487064
268400	240026	414552674
28800	240083	414734400
83800	240180	415243195
121500	240210	415114155
359600	240246	412520874
178300	240269	415189204
394500	240400	413280824
279700	240471	415087272
160000	240491	415769110
74000	240616	415996122
169400	240739	416036499
100600	240757	416208175
48800	240942	416749560
247400	241091	416678795
194900	241198	416724825
409900	241239	414716122
92600	241416	417406047
182600	241429	417155849
337400	241633	415927005
372300	241659	415978179
28900	241698	417619450
335100	241886	416758965
404200	242352	416602404
328100	242362	417515325
190900	242432	419070672
350900	242529	417912672
202700	242600	419253219
155100	242625	417869397
210200	242751	419650185
62700	242841	417688089
353100	242976	418425809
186800	243226	418877160
29000	243316	420514500
115000	243330	420437530
303600	243440	419527580
287900	243519	420414684
144800	243585	421391670
285200	243592	420717819
164800	243625	421370424
48900	243659	421634610
363900	243921	420000810
339700	244171	420798280
262600	244364	422534709
206500	244536	422655904
74100	244740	423401172
316100	244773	422362109
253600	244774	421866454
378500	244845	421406445
83900	244854	423628245
29100	244943	423419550
442600	244979	420902524
133700	244991	423765572
332800	245027	422513244
411800	245122	421570200
108100	245580	424818394
271300	245615	423090934
355300	245796	423515979
417400	245878	421064455
348700	246113	422238022
221000	246294	425982920
386600	246333	423884547
62800	246343	423963139
100700	246365	426273225
49000	246384	426529660
241100	246393	426138749
127800	246473	426377910
29200	246572	426334600
92700	246579	426671097
227900	246667	426685740
421100	246794	424381364
388600	246802	424918035
402300	246838	424673004
121600	246979	427269205
139400	247337	428018040
374400	247469	425793509
290600	247558	427258799
234600	247570	428110004
439100	247745	425895165
150100	247759	428878330
282500	247880	428245560
29300	248223	429259650
430200	248572	427554485
244300	248592	428662620
213900	248667	430250690
198900	248684	430243275
384600	248813	426673995
74200	248885	430816222
49100	249133	431434710
428400	249324	428755299
160100	249415	431774160
224500	249449	431646085
174000	249458	431704749
84000	249536	432023295
342000	249645	430467570
396500	249669	430009845
432000	249747	429776490
115100	249754	431942580
62900	249862	430248189
29400	249864	432194700
390600	249958	430224047
217500	250070	432785499
298500	250151	432071525
169500	250190	432981549
178400	250208	433024254
231300	250338	433307160
346500	250338	431653872
361800	250626	431998190
237900	250710	433683465
308700	250783	432737190
413700	250816	431771010
311200	251005	433461490
330500	251262	433743545
155200	251448	433384447
29500	251504	435139750
357500	251540	433624995
108200	251609	435633444
182700	251610	435420899
144900	251658	435876720
382600	251674	433607455
92800	251747	435946147
426600	251749	433335564
295900	251805	433304422
49200	251851	436349760
321000	251964	435316239
100800	251977	436348275
195000	252056	436219875
323400	252132	434713269
133800	252431	437140622
433800	252552	434598897
164900	252802	437855474
277000	252967	437789680
74300	252996	438241272
191000	253058	438165722
29600	253151	438094800
301100	253220	437642004
63000	253353	436543239
400400	253367	436241805
256700	253389	438770745
306200	253511	438063339
127900	253574	439162960
259700	253577	439271844
186900	253626	437562210
250600	253737	439508080
121700	253749	439434255
202800	253887	439528269
274200	254095	439894164
84100	254183	440428345
210300	254449	440675235
49300	254567	441274810
265600	254595	440838720
29700	254790	441059850
247500	254861	441423845
268500	255011	441397724
392600	255047	439476840
139500	255066	441963090
313700	255118	440699072
293300	255340	441451914
376500	255415	440196465
325800	255591	439568324
318600	255816	441888645
279800	256027	443062322
206600	256042	443310954
150200	256068	443893380
115200	256115	443457630
424800	256256	441251720
29800	256435	444034900
63100	256837	442848289
92900	256873	445231197
74400	257095	445676322
49400	257289	446209860
435600	257422	443357729
419300	257437	441805515
380600	257508	444238704
100900	257545	446433325
108300	257588	446458494
440900	257746	443919672
344300	258099	445716644
29900	258104	447019950
160200	258267	447789210
368200	258356	445891522
415600	258475	445363672
444400	258566	445230697
221100	258577	448087970
84200	258840	448843395
253700	258848	447231504
262700	258952	448799759
174100	259113	449109799
370300	259201	447331555
228000	259302	449480790
285300	259444	449242869
288000	259548	449209734
169600	259576	449936599
145000	259681	450371770
199000	259705	450138325
241200	259773	450253799
30000	259790	450015000
133900	259836	450525672
366100	259994	448817422
155300	260040	448909497
49500	260041	451154910
178500	260123	450869304
63200	260360	449163339
303700	260365	449892630
359700	260371	448485924
337500	260465	449672055
121800	260498	451609305
214000	260544	451645740
335200	260571	450274015
234700	260584	451575054
128000	260657	451958010
328200	260667	450330375
271400	260684	450225984
74500	261234	453121372
30100	261469	453020050
398500	261588	451256589
182800	261759	453695949
224600	261888	454101135
165000	261957	454350524
93000	262045	454526247
351000	262086	453007722
244400	262122	453097670
217600	262127	454540549
423000	262207	452038085
408100	262375	452782495
316200	262381	453977159
394600	262437	452735874
372400	262491	453213229
115300	262530	454982680
406200	262600	453102114
353200	262690	453740859
49600	262792	456109960
139600	262811	455918140
195100	262889	455724925
339800	263112	454773330
231400	263155	456442210
30200	263156	456035100
101000	263161	456528375
84300	263527	457268445
332900	263567	455798294
282600	263570	456500610
108400	263615	457293544
191100	263692	457270772
290700	263720	456323849
63300	263882	455488389
238000	263901	457478515
437400	263932	454792080
187000	263987	456257260
410000	264147	455711172
364000	264222	456395860
150300	264406	458918430
30300	264840	459060150
404300	264943	457027454
202900	265131	459813319
74600	265367	460576422
49700	265540	461075010
348800	265557	457113072
355400	265607	459051029
378600	265973	459261495
210400	266115	461710285
30400	266531	462095200
298600	266739	461926575
160300	267163	463814260
93100	267201	463831297
121900	267254	463794355
134000	267266	463920722
63400	267398	461823439
206700	267526	463976004
250700	267632	464573130
256800	267633	464445795
145100	267721	464876820
128100	267764	464763060
386700	267918	462549597
259800	267975	465246894
308800	267989	463612240
411900	268141	462755250
84400	268205	465703495
296000	268233	462899472
30500	268235	465140250
49800	268301	466050060
311300	268311	464586540
277100	268335	465494730
374500	268363	463238559
388700	268506	463783085
247600	268595	466178895
155400	268663	464444547
342100	268688	464672620
101100	268767	466633425
174200	268773	466524849
115400	268943	466517730
169700	268985	466901649
417500	269196	462809505
402400	269314	464908054
265700	269329	467403770
274300	269346	467319214
74700	269515	468041472
346600	269620	466308922
108500	269636	468138594
330600	269641	466798595
442700	269766	465167574
321100	269823	467421289
268600	269928	468252774
301200	269954	467757054
30600	269960	468195300
178600	270042	468724354
323500	270144	467058319
384700	270254	465139045
421200	270335	466496414
306300	270537	468688389
139700	270568	469883190
199100	270765	470043375
361900	270795	468183240
221200	270863	470203020
63500	270946	468168489
49900	271078	471035110
165100	271135	470855574
357600	271476	469380045
279900	271606	471047372
293400	271664	470786964
30700	271675	471260350
396600	271783	469664895
390700	271792	469289097
182900	271918	471980999
228100	271975	472285840
439200	272274	469810215
93200	272391	473146347
214100	272441	473050790
430300	272597	470579535
313800	272604	472074122
150400	272758	473953480
84500	272902	474148545
253800	272946	472606554
382700	273007	471872505
241300	273188	474378849
428500	273254	471600349
30800	273391	474335400
262800	273567	475074809
318700	273603	473753695
234800	273634	475050104
74800	273676	475516522
195200	273730	475239975
325900	273758	472153374
50000	273857	476030160
432100	273891	472981540
413800	273986	473146060
122000	274050	475989405
217700	274238	476305599
191200	274319	476385822
224700	274381	476566185
187100	274385	474962310
101200	274398	476748475
63600	274485	474523539
134100	274736	477325772
128200	274902	477578110
30900	275118	477420450
285400	275326	477777919
115500	275374	478062780
426700	275576	476000614
288100	275587	478014784
108600	275669	478993644
244500	275700	477542720
400500	275756	476286855
271500	275774	477371034
145200	275789	479391870
231500	276012	479587260
160400	276084	479849310
203000	276420	480108369
376600	276440	477851515
50100	276641	481035210
433900	276824	477983947
31000	276850	480515500
392700	276986	478741890
238100	277148	481283565
303800	277282	480267680
155500	277322	479989597
344400	277348	480151694
93300	277580	482471397
84600	277608	482603595
210500	277828	482755335
74900	277842	483001572
63700	278032	480888589
139800	278337	483858240
169800	278435	483876699
174300	278470	483949899
31100	278589	483620550
380700	278760	482303754
368300	278936	482716572
328300	278985	483155425
206800	279040	484651054
335300	279286	483799065
282700	279301	484765660
337600	279312	483427105
50200	279430	486050260
370400	279898	484366605
290800	279941	485398899
178700	279979	486589404
101300	280031	486873525
316300	280040	485602209
424900	280057	483736770
165200	280321	487370624
31200	280332	486735600
366200	280427	485432472
359800	280507	484460974
122100	280838	488194455
419400	280901	483740565
150500	281125	488998530
250800	281564	489648180
63800	281585	487263639
351100	281684	488112772
108700	281718	489858694
415700	281719	486928722
115600	281815	489617830
435700	281825	486922779
199200	281838	489958425
256900	281926	490130845
75000	282010	490496622
128300	282049	490403160
339900	282076	488758380
31300	282081	489860650
183000	282099	490276049
333000	282142	489093344
134200	282199	490740822
50300	282223	491075310
84700	282316	491068645
247700	282376	490943945
259900	282436	491231944
353300	282439	489065909
441000	282445	488014722
93400	282775	491806447
221300	283175	492328070
372500	283310	490458279
298700	283387	491791625
444500	283462	489675747
277200	283758	493209780
31400	283831	492995700
145300	283855	493916920
398600	283884	491111639
265800	284112	493978820
214200	284354	494465840
394700	284506	492200924
364100	284556	492800910
195300	284588	494765025
274400	284621	494754264
228200	284667	495100890
296100	284780	492504522
187200	284802	493677360
268700	284860	495117824
191300	284946	495510872
160500	284997	495894360
50400	285019	496110360
348900	285080	491998122
63900	285140	493648689
408200	285213	493597545
308900	285236	494497290
406300	285305	493727164
355500	285451	494596079
31500	285592	496140750
101400	285668	497008575
311400	285677	495721590
423100	285900	494343135
155600	286007	495544647
139900	286118	497843290
75100	286172	498001672
217800	286350	498080649
241400	286618	498513899
234900	286697	498535154
301300	286740	497882104
224800	286876	499041235
84800	287028	499543695
253900	287063	497991604
410100	287101	496716222
378700	287137	497126545
280000	287206	499042422
31600	287364	499295800
404400	287571	497462504
306400	287623	499323439
122200	287633	500409505
203100	287708	500413419
321200	287721	499536339
108800	287761	500733744
342200	287816	498887670
50500	287821	501155410
169900	287871	500861749
93500	287968	501151497
293500	288009	500132014
330700	288075	499863645
174400	288149	501384949
262900	288172	501359859
323600	288204	499413369
115700	288242	501182880
437500	288424	498537130
64000	288692	500043739
231600	288870	502742310
346700	288974	500973972
31700	289113	502460850
128400	289176	503238210
244600	289280	501997770
374600	289337	500693609
150600	289472	504053580
165300	289485	503895674
210600	289510	503810385
386800	289525	501224647
134300	289638	504165872
178800	289889	504464454
313900	290101	503459172
388800	290236	502658135
75200	290318	505516722
238200	290372	505098615
206900	290513	505336104
50600	290601	506210460
271600	290848	504526084
31800	290869	505635900
362000	290987	504378290
412000	291171	503950300
285500	291178	506322969
101500	291272	507153625
318800	291350	505628745
357700	291420	505145095
288200	291599	506829834
84900	291694	508028745
384800	291773	503614095
402500	291784	505153104
145400	291888	508451970
326000	291930	504748424
64100	292218	506448789
183100	292224	508581099
417600	292565	504564555
31900	292633	508820950
199300	292863	509883475
93600	293116	510506547
50700	293384	511275510
390800	293609	508364147
108900	293748	511618794
140000	293829	511838340
160600	293856	511949410
421300	293857	508621464
396700	293872	509329945
303900	294148	510652730
382800	294323	510147555
122300	294357	512634555
32000	294402	512016000
75300	294460	513041772
442800	294491	509442624
155700	294589	511109697
115800	294623	512757930
282800	294976	513040710
187300	295138	512402410
195400	295383	514300075
221400	295415	514463120
250900	295437	514733230
191400	295534	514645922
64200	295779	512863839
247800	296083	515718995
290900	296095	514483949
257000	296141	515825895
50800	296200	516350560
214300	296201	515890890
32100	296202	515221050
128500	296263	516083260
85000	296391	516523795
344500	296527	514596744
430400	296618	513614585
439300	296810	513735265
260000	296820	517226994
101600	296886	517308675
134400	297057	517600922
413900	297082	514531110
428600	297191	514455399
328400	297246	515990475
170000	297262	517856799
228300	297285	517925940
376700	297429	515516565
316400	297623	517237259
174500	297785	518829999
150700	297794	519118630
335400	297923	517334115
32200	298006	518436100
432200	298020	516196590
337700	298102	517192155
400600	298125	516341905
93700	298312	519871597
217900	298389	519865699
165400	298623	520430724
75400	298655	520576822
265900	298824	520563870
392800	298892	518016940
203200	298931	520728469
50900	299026	521435610
277300	299120	520934830
224900	299309	521526285
64300	299359	519288889
426800	299389	518675664
368400	299456	519551622
235000	299696	522030204
268800	299748	521992874
178900	299782	522349504
109000	299803	522513844
32300	299811	521661150
274500	299832	522199314
145500	299947	522997020
298800	299961	521666675
380800	299964	520378804
241500	299976	522658949
370500	300514	521411655
359900	300577	520446024
333100	300655	522398394
366300	300831	522057522
340000	300985	522753430
434000	301054	521378997
115900	301077	524342980
254000	301101	523386654
85100	301118	525028845
122400	301156	524869605
210700	301165	524875435
296200	301202	522119572
351200	301214	523227822
140100	301607	525843390
32400	301618	524896200
231700	301682	525907360
51000	301847	526530660
207000	301979	526031154
353400	302097	524400959
183200	302371	526896149
309000	302385	525392340
101700	302521	527473725
280100	302693	527047472
263000	302714	527654909
160700	302767	528014460
244700	302816	526462820
75500	302832	528121872
64400	302930	525723939
311500	302963	526866640
155800	303244	526684747
128600	303388	528938310
32500	303427	528141250
301400	303450	528017154
93800	303495	529246647
238300	303572	528923665
425000	303758	526231820
199400	303918	529818525
372600	304050	527713329
293600	304284	529487064
419500	304310	525685615
349000	304487	526893172
134500	304517	531045972
306500	304628	529968489
51100	304672	531635710
364200	304808	529215960
415800	304866	528503772
355600	305223	530151129
32600	305244	531396300
187400	305533	531137460
321300	305534	531661389
85200	305824	533543895
109100	305828	533418894
271700	305894	531691134
398700	306102	530976689
435800	306108	530497829
150800	306143	534193680
191500	306155	533790972
323700	306178	531778419
195500	306221	533845125
330800	306414	532938695
394800	306489	531675974
64500	306501	532168989
170100	306683	534861849
342300	306846	533112720
75600	307010	535676922
285600	307022	534878019
441100	307039	532119772
32700	307072	534661350
174600	307462	536285049
116000	307500	535938030
51200	307506	536750760
314000	307545	534854222
288300	307605	535654884
221500	307699	536608170
165500	307785	536975774
122500	307938	537114655
406400	307942	534362214
408300	307957	534422595
145600	308017	537552070
214400	308077	537325940
101800	308155	537648775
378800	308199	535001595
346800	308253	535649022
444600	308281	534130797
93900	308690	538631697
32800	308895	537936400
318900	309075	537513795
251000	309329	539828280
140200	309363	539858440
423200	309502	536658185
179000	309680	540244554
247900	309808	540504045
410200	309918	537731272
228400	309926	540760990
326100	310062	537353474
64600	310078	538624039
404500	310104	537907554
203300	310176	541053519
374700	310202	538158659
51300	310334	541875810
257100	310376	541530945
218000	310448	541660749
128700	310502	541803360
85300	310540	542068945
282900	310667	541325760
32900	310724	541221450
304000	311031	541047780
386900	311056	539909697
362100	311117	540583340
75700	311190	543241972
260100	311231	543232044
357800	311314	540920145
160800	311650	544089510
225000	311752	544021335
155900	311862	542269797
109200	311868	544333944
388900	311896	541543185
134600	311954	544501022
291000	312267	543578999
183300	312512	545221199
33000	312558	544516500
235100	312694	545535254
210800	312814	545950485
437600	312828	542292180
51400	313173	547010860
384900	313206	542099145
241600	313340	546813999
207100	313440	546736204
266000	313545	547158920
64700	313658	545089089
101900	313780	547833825
94000	313881	548026747
116100	313919	547543080
412100	314117	545155350
402600	314224	545408154
33100	314397	547821550
277400	314476	548669880
150900	314479	549278730
231800	314499	549082410
268900	314609	548877924
122600	314703	549369705
199500	314940	549763575
274600	315011	549654364
254100	315113	548791704
316500	315171	548882309
85400	315249	550603995
75800	315370	550817022
390900	315396	547449197
328500	315492	548835525
382900	315646	548432605
344600	315685	549051794
417700	315841	546329605
187500	315896	549882510
396800	315982	549004995
51500	316012	552155910
145700	316050	552117120
170200	316075	551876899
33200	316240	551136600
244800	316341	550937870
298900	316522	551551725
335500	316551	550879165
191600	316733	552946022
238400	316755	552758715
337800	316877	550967205
165600	316917	553530824
195600	317037	553400175
174700	317103	553750099
140300	317107	553883490
64800	317241	551564139
263100	317254	553959959
421400	317369	550756514
128800	317617	554678410
296300	317634	551744622
109300	317904	555258994
33300	318104	554461650
280200	318207	555062522
376800	318402	553191615
51600	318871	557310960
94100	319086	557431797
333200	319145	555713444
442900	319200	553727674
134700	319407	557966072
102000	319429	558028875
309100	319551	556297390
75900	319574	558402072
179100	319588	558149604
340100	319879	556758480
214500	319948	558770990
368500	319951	556396672
221600	319956	558763220
33400	319982	557796700
85500	319983	559149045
414000	320157	555926160
301500	320172	558162204
311600	320248	558021690
116200	320369	559158130
400700	320445	556406955
156000	320501	557864847
160900	320549	560174560
293700	320551	558852114
430500	320622	556659635
360000	320649	556441074
351300	320704	558352872
392900	320778	557301990
64900	320858	558049189
271800	320951	558866184
428700	321088	557320449
370600	321109	558466705
380900	321150	558463854
366400	321206	558692572
439400	321352	557670315
203400	321433	561388569
122700	321498	561634755
306600	321654	560623539
51700	321734	562476010
353500	321749	559746009
33500	321853	561141750
432300	322121	559421640
218100	322530	563465799
228500	322568	563606040
183400	322662	563556249
151000	322841	564373780
285700	322852	563443069
426900	323183	561360714
251100	323211	564933330
321400	323350	563796439
248000	323514	565299095
288400	323586	564489934
33600	323718	564496800
76000	323776	565997122
349100	323883	561798222
109400	323959	566194044
145800	324120	566692170
323800	324174	564153469
225100	324203	566526385
94200	324295	566846847
65000	324440	564544239
210900	324468	567035535
51800	324583	567651060
257200	324601	567245995
85600	324700	567704095
128900	324742	567563460
330900	324772	566023745
372700	324782	564978379
140400	324877	567918540
207200	324887	567451254
314100	324954	566259272
355700	324978	565716179
364300	325048	565641010
102100	325064	568233925
434100	325236	564784047
170300	325504	568901949
33700	325589	567861850
260200	325613	569247094
235200	325696	569050304
342400	325875	567347770
199600	325982	569718625
165700	326093	570095874
187600	326280	568637560
283000	326334	569620810
241700	326716	570979049
174800	326774	571225149
319000	326777	569408845
116300	326815	570783180
134800	326857	571441122
231900	327326	572267460
191700	327358	572111072
425100	327450	568736870
51900	327462	572836110
33800	327483	571236900
346900	327517	570334072
419600	327677	567640665
195700	327877	572965225
304100	327892	571452830
76100	327988	573602172
415900	328024	570088822
65100	328055	571049289
326200	328166	569968524
266100	328280	573763970
122800	328284	573909805
398800	328318	570851739
291100	328427	572684049
394900	328469	571161024
156100	329132	573469897
254200	329171	574206754
378900	329279	572886645
33900	329376	574621950
85700	329452	576269145
161000	329457	576269610
269000	329510	575772974
179200	329512	576064654
94300	329519	576271897
277500	329847	576414930
244900	329891	575422920
238500	329976	576603765
109500	330026	577139094
274700	330240	577119414
52000	330336	578031160
435900	330429	574082879
406500	330578	575007264
408400	330687	575257645
102200	330742	578448975
374800	331096	575633709
151100	331188	579478830
357900	331242	576705195
34000	331285	578017000
362200	331297	576798390
441200	331646	576234822
65200	331677	577564339
214600	331833	580226040
263200	331838	580275009
129000	331899	580458510
145900	332203	581277220
76200	332212	581217222
221700	332234	580928270
387000	332603	578604747
140500	332670	581963590
404600	332684	578362604
203500	332703	581733619
316600	332754	580537359
410300	332783	578756322
183500	332828	581901299
444700	333084	578595847
423300	333087	578983235
299000	333130	581446775
34100	333191	581422050
52100	333219	583236210
116400	333277	582418230
389000	333556	580438235
280300	333747	583087572
328600	333773	581690575
296400	334075	581379672
85800	334205	584844195
134900	334327	584926172
218200	334613	585280849
385000	334655	580594195
94400	334748	585706947
344700	334863	583516844
170400	334942	585936999
122900	335083	586194855
34200	335093	584837100
335600	335206	584434215
228600	335212	586461090
165800	335272	586670924
65300	335291	584089389
337900	335703	584752255
271900	335997	586051234
109600	336081	588094144
52200	336100	588451260
211000	336165	588130585
207300	336369	588176304
102300	336401	588674025
76300	336415	588842272
174900	336451	588710199
402700	336666	585673204
225200	336681	589041435
187700	336682	587402610
309200	336720	587212440
293800	336820	588227164
301600	336899	588317254
383000	336979	586727655
34300	337000	588262150
199700	337037	589683675
251200	337104	590048380
412200	337116	586370400
391000	337203	586544247
437700	337244	586057230
248100	337251	590104145
311700	337547	589186740
333300	337661	589038494
156200	337777	589084947
191800	337977	591286122
396900	338081	588690045
161100	338367	592374660
306700	338676	591288589
285800	338692	592018119
195800	338713	592540275
235300	338723	592575354
340200	338790	590773530
257300	338847	592971045
65400	338917	590624439
34400	338930	591697200
85900	338953	593429245
52300	338993	593676310
129100	339038	593363560
417800	339117	588104655
376900	339407	590876665
179300	339428	593989704
151200	339542	594593880
288500	339577	593334984
116500	339736	594063280
94500	339979	595151997
260300	340024	595272144
241800	340105	595154099
232000	340178	595462510
351400	340240	593487922
146000	340292	595872270
140600	340456	596018640
368600	340485	593251722
76400	340654	596477322
360100	340722	592446124
34500	340878	595142250
421500	340923	592901564
321500	341198	595941489
353600	341439	595101059
366500	341602	595337622
370700	341765	595531755
135000	341816	598421222
123000	341907	598489905
52400	341908	598911360
283100	342056	597925860
102400	342088	598909075
109700	342174	599059194
323900	342222	596538519
381000	342364	596558904
314200	342438	597674322
65500	342564	597169489
393000	342671	596597040
400800	342799	596482005
34600	342804	598597300
183600	342994	600256349
266200	343035	600379020
